94708.0
103094.0
192278.0
217781.0
241605.0
242036.0
260079.0
263586.0
264334.0
293221.0
378181.0
461286.0
492488.0
496316.0
508206.0
518355.0
523840.0
528866.0
532502.0
543656.0
553262.0
584172.0
594735.0
607383.0
607851.0
609078.0
610916.0
611610.0
612096.0
612229.0
613677.0
617945.0
618185.0
618457.0
632815.0
634368.0
635392.0
647077.0
660249.0
675399.0
683835.0
689939.0
693957.0
702932.0
704435.0
707352.0
725791.0
727456.0
743879.0
752356.0
766716.0
772201.0
776497.0
778737.0
791287.0
791907.0
794788.0
810130.0
917530.0
1031097.0
1039635.0
1040765.0
1203123.0
1304789.0
37655235.0
6052.0
20565.0
72765.0
75080.0
77773.0
87429.0
94783.0
171313.0
184882.0
212516.0
216442.0
220906.0
220906.0
238251.0
258853.0
259853.0
268415.0
269110.0
269117.0
276848.0
293790.0
340373.0
356808.0
360141.0
360369.0
385088.0
417402.0
417444.0
417509.0
423867.0
431552.0
434844.0
441330.0
453726.0
453814.0
481427.0
493379.0
503564.0
504911.0
504911.0
504911.0
519989.0
521128.0
521128.0
523300.0
523766.0
523823.0
524178.0
527747.0
528551.0
530384.0
548513.0
548599.0
552788.0
553827.0
575206.0
581317.0
603582.0
609533.0
609857.0
614688.0
619553.0
626120.0
627276.0
627321.0
627392.0
634448.0
635246.0
635254.0
678297.0
679827.0
679834.0
681353.0
681439.0
681602.0
682116.0
688212.0
695357.0
707232.0
707361.0
710536.0
717631.0
729025.0
734466.0
735012.0
742163.0
743196.0
743343.0
743343.0
745958.0
761036.0
761673.0
763714.0
778834.0
6170.0
7593.0
259401.0
318924.0
333147.0
414791.0
420531.0
474584.0
474637.0
511625.0
523748.0
525653.0
533834.0
534991.0
553826.0
559012.0
564845.0
578692.0
579897.0
580193.0
581578.0
582734.0
584024.0
586772.0
588878.0
589131.0
590601.0
594423.0
595524.0
595524.0
595996.0
599902.0
606718.0
609564.0
616579.0
658935.0
669657.0
671429.0
671515.0
681554.0
686921.0
698766.0
723123.0
723453.0
723594.0
723700.0
723831.0
724050.0
724667.0
725382.0
727634.0
727728.0
744317.0
745052.0
745310.0
763480.0
763696.0
764202.0
764652.0
764945.0
768579.0
768800.0
809603.0
827961.0
837722.0
851058.0
856669.0
860729.0
876021.0
908907.0
912461.0
919172.0
920951.0
925203.0
925396.0
928547.0
929900.0
930210.0
931186.0
931286.0
933534.0
934897.0
935240.0
935762.0
938424.0
941682.0
941775.0
943912.0
946614.0
947354.0
971372.0
979412.0
1001114.0
1001218.0
1001415.0
69470.0
69651.0
73985.0
92281.0
92374.0
126136.0
134228.0
157564.0
160813.0
177279.0
183079.0
234326.0
237338.0
264255.0
266442.0
267294.0
267595.0
308193.0
309274.0
313695.0
313715.0
315298.0
318162.0
324532.0
324881.0
325242.0
325890.0
335986.0
338997.0
357315.0
357329.0
394810.0
394829.0
395169.0
400839.0
401632.0
407452.0
407777.0
417021.0
419105.0
428562.0
429041.0
435501.0
435685.0
486472.0
486536.0
489066.0
490390.0
496910.0
498213.0
503094.0
509782.0
520091.0
530505.0
530591.0
530593.0
530834.0
535318.0
546144.0
546303.0
546742.0
556413.0
558466.0
560939.0
573916.0
575110.0
582439.0
584130.0
587836.0
588416.0
589587.0
589649.0
593982.0
596328.0
597803.0
602734.0
603080.0
607510.0
610662.0
610667.0
611774.0
613249.0
621867.0
631861.0
641154.0
660997.0
669302.0
672881.0
672881.0
672881.0
676220.0
677789.0
680202.0
680316.0
681733.0
681832.0
53061.0
315166.0
320536.0
338780.0
410394.0
410398.0
434635.0
434637.0
492694.0
501341.0
522184.0
564115.0
564837.0
568732.0
581107.0
582463.0
587803.0
587882.0
589815.0
632159.0
641751.0
647638.0
670563.0
676234.0
676354.0
677036.0
684415.0
694006.0
699728.0
700624.0
713676.0
719957.0
741552.0
744452.0
744551.0
755562.0
756427.0
756956.0
759431.0
761967.0
767681.0
771096.0
816884.0
817408.0
818732.0
826641.0
835210.0
835963.0
836594.0
836650.0
836733.0
836903.0
836904.0
837743.0
837743.0
837743.0
870408.0
919659.0
920475.0
920688.0
941122.0
945150.0
946669.0
949579.0
959185.0
963132.0
991213.0
991425.0
991972.0
1001506.0
1001506.0
1003582.0
1015139.0
1032266.0
1040022.0
1043233.0
1071419.0
1075364.0
1078561.0
1083700.0
1098493.0
1098515.0
1101911.0
1103603.0
1103603.0
1105586.0
1107608.0
1119175.0
1131433.0
1134678.0
1157706.0
1161240.0
1170939.0
69622.0
78388.0
89424.0
97935.0
125846.0
129234.0
141496.0
141772.0
141914.0
182026.0
207121.0
224428.0
226961.0
230177.0
230234.0
230637.0
233112.0
235823.0
235971.0
239162.0
240228.0
262107.0
297573.0
297584.0
303093.0
304402.0
314356.0
328574.0
336436.0
344649.0
351221.0
356920.0
374408.0
391329.0
396243.0
397109.0
399759.0
400073.0
403063.0
405825.0
405969.0
406057.0
412304.0
412755.0
416091.0
420409.0
421177.0
478015.0
479597.0
481669.0
505044.0
506370.0
506695.0
507299.0
508785.0
510584.0
512107.0
517702.0
527509.0
566296.0
567070.0
567240.0
573121.0
576771.0
577865.0
579486.0
582682.0
585077.0
585526.0
587183.0
588576.0
589071.0
607273.0
608309.0
615805.0
619797.0
630808.0
634875.0
635398.0
635764.0
644175.0
650558.0
660661.0
662889.0
662900.0
663343.0
663432.0
664678.0
666189.0
667999.0
669604.0
670840.0
671266.0
674469.0
