249213.0
262149.0
263627.0
273809.0
333956.0
334142.0
504404.0
615653.0
622432.0
644008.0
644787.0
675737.0
678492.0
679564.0
693411.0
711290.0
725351.0
725476.0
725809.0
803544.0
821467.0
858730.0
859314.0
860922.0
867492.0
874253.0
884495.0
891093.0
907521.0
936131.0
954175.0
965182.0
979291.0
980759.0
981741.0
981832.0
1027280.0
1028279.0
1028964.0
1032312.0
1034682.0
1037371.0
1037679.0
1075107.0
1122961.0
1142787.0
1161159.0
1275648.0
1287561.0
1377455.0
1459400.0
1472982.0
1475207.0
1489303.0
1538227.0
1548464.0
1580817.0
1589790.0
1636348.0
1638581.0
1647302.0
1648569.0
1678914.0
1720576.0
1747256.0
1747710.0
1752781.0
1757774.0
1786824.0
1797005.0
1799775.0
1815095.0
1834395.0
1869826.0
1889999.0
1968078.0
1973568.0
1993446.0
1993935.0
1997252.0
2016547.0
175912.0
255107.0
323830.0
324485.0
333104.0
390846.0
391059.0
391156.0
391310.0
392041.0
392396.0
405432.0
405724.0
408887.0
430644.0
477250.0
491499.0
499817.0
506228.0
512119.0
513170.0
525535.0
532344.0
552836.0
561018.0
582028.0
583489.0
586030.0
600104.0
605914.0
627029.0
646660.0
646850.0
648154.0
649288.0
691300.0
746550.0
763194.0
850679.0
921434.0
3152500.0
174468.0
196690.0
231558.0
250128.0
252492.0
265712.0
266522.0
272422.0
353932.0
432101.0
456442.0
461716.0
461829.0
514799.0
525604.0
545954.0
548549.0
587390.0
613505.0
614105.0
620671.0
648283.0
656474.0
676400.0
685952.0
687272.0
688185.0
688678.0
688678.0
694519.0
694626.0
706528.0
754851.0
760894.0
770240.0
780157.0
781230.0
784665.0
790067.0
791123.0
792548.0
793164.0
836757.0
841565.0
841828.0
852430.0
854493.0
864077.0
868785.0
870878.0
873736.0
890371.0
890809.0
957469.0
971159.0
1028181.0
1049975.0
1117013.0
1148999.0
1156349.0
1157908.0
1208846.0
1217341.0
1267564.0
1279052.0
1293674.0
1297437.0
1298940.0
1304728.0
1335663.0
1338791.0
1368667.0
1378864.0
1457500.0
1465342.0
1495393.0
1501636.0
1519120.0
3523960.0
177389.0
190402.0
249638.0
255159.0
256789.0
257327.0
259120.0
264670.0
264814.0
267882.0
269628.0
271237.0
272659.0
274856.0
282244.0
287682.0
302426.0
323444.0
329497.0
400545.0
435713.0
528600.0
540301.0
548028.0
548310.0
553962.0
577171.0
582243.0
582297.0
582579.0
582915.0
583150.0
583575.0
584949.0
585736.0
585799.0
586725.0
594825.0
602306.0
609291.0
614285.0
614327.0
630008.0
637013.0
654005.0
661288.0
674725.0
675817.0
676640.0
678698.0
685889.0
687187.0
688238.0
699881.0
699982.0
706033.0
711329.0
711499.0
714385.0
714814.0
724171.0
738407.0
748339.0
773986.0
776905.0
776905.0
776978.0
777099.0
777591.0
787291.0
803622.0
803726.0
805996.0
811681.0
835827.0
881902.0
885874.0
984144.0
1128786.0
1194071.0
1418977.0
1483974.0
2331954.0
3225063.0
4583357.0
6981604.0
18263470.0
545773.0
551753.0
554139.0
565058.0
598890.0
603982.0
614711.0
615942.0
615946.0
616795.0
618532.0
619022.0
627529.0
637417.0
641879.0
688159.0
722012.0
723392.0
734097.0
758050.0
812045.0
851891.0
868141.0
876634.0
904900.0
914523.0
927937.0
928839.0
936491.0
939584.0
942872.0
945314.0
945470.0
952126.0
954500.0
960083.0
961912.0
963686.0
970313.0
1023305.0
1029338.0
1031383.0
1037767.0
1041577.0
1052110.0
1052423.0
1068319.0
1070305.0
1115255.0
1122704.0
1135010.0
1154154.0
1154957.0
1167346.0
1180950.0
1182027.0
1183104.0
1183114.0
1238281.0
1238498.0
1452865.0
1552206.0
1552206.0
1552206.0
1571479.0
1936278.0
186555.0
190584.0
190607.0
208698.0
226540.0
227598.0
237487.0
247780.0
248420.0
263238.0
269299.0
318093.0
328332.0
330467.0
345652.0
354576.0
357883.0
361233.0
374932.0
405422.0
406821.0
411015.0
479792.0
487084.0
488240.0
490807.0
493333.0
494347.0
506121.0
509559.0
542231.0
553401.0
557196.0
572714.0
587150.0
597814.0
600392.0
601790.0
602437.0
638004.0
653749.0
655388.0
656067.0
656577.0
659795.0
661874.0
664537.0
667198.0
667713.0
674385.0
693785.0
732906.0
739825.0
742938.0
749905.0
755399.0
757222.0
760157.0
876143.0
907475.0
1009008.0
1024021.0
1074380.0
1074510.0
1076024.0
1085930.0
1162177.0
1292884.0
1463402.0
2698564.0
177886.0
180908.0
186847.0
187780.0
195716.0
256272.0
277134.0
297791.0
308846.0
321819.0
343127.0
415515.0
419268.0
422222.0
422333.0
425367.0
438233.0
462269.0
462278.0
462291.0
469178.0
510544.0
516215.0
518155.0
518352.0
519898.0
520932.0
521142.0
521281.0
521908.0
524656.0
525257.0
532556.0
534584.0
573836.0
575842.0
578960.0
581635.0
582103.0
582252.0
583144.0
586437.0
586691.0
599286.0
599353.0
599784.0
601325.0
601398.0
601463.0
601480.0
602152.0
602292.0
603941.0
605022.0
608881.0
612344.0
615069.0
626879.0
636991.0
637562.0
655304.0
656107.0
678488.0
689592.0
689733.0
690061.0
692167.0
692307.0
693465.0
696726.0
701869.0
707766.0
712226.0
731026.0
731058.0
749634.0
758569.0
760151.0
765338.0
766101.0
767239.0
768455.0
769189.0
769541.0
770868.0
770963.0
779007.0
779505.0
779558.0
779623.0
779670.0
779738.0
779812.0
802063.0
802063.0
802355.0
804637.0
179996.0
180249.0
181703.0
183140.0
209029.0
214648.0
242229.0
245085.0
255673.0
255843.0
257198.0
259559.0
260166.0
262120.0
263469.0
263684.0
272306.0
273543.0
287025.0
288566.0
296624.0
308097.0
327792.0
329941.0
340079.0
345467.0
345628.0
347909.0
361926.0
368741.0
378231.0
378426.0
386312.0
407376.0
409451.0
421525.0
426150.0
429899.0
430133.0
437531.0
442350.0
443155.0
443618.0
443796.0
445214.0
445984.0
456700.0
470128.0
472144.0
474784.0
476355.0
484334.0
492682.0
511255.0
519484.0
519492.0
519508.0
520559.0
521822.0
523201.0
523301.0
525812.0
526221.0
534312.0
544249.0
544370.0
552438.0
560942.0
579863.0
582624.0
586164.0
587644.0
587844.0
594622.0
595250.0
595273.0
596016.0
596520.0
608415.0
608985.0
609062.0
609063.0
610442.0
612152.0
616917.0
618279.0
618399.0
656969.0
657711.0
659769.0
659771.0
660271.0
663540.0
668076.0
668501.0
